tree             edge | family        cop     par   par2 |   tau   utd   ltd 
---------------------------------------------------------------------------- 
   1              3,4 |      7        BB1    0.49   1.45 |  0.44  0.38  0.37
                  2,5 |      2          t    0.91   2.26 |  0.73  0.72  0.72
                  3,2 |     37    BB1_270   -0.22  -1.14 | -0.21     -     -
                  6,1 |      2          t    0.37   4.21 |  0.24  0.18  0.18
                  6,7 |      2          t    0.71   7.43 |  0.50  0.27  0.27
                  8,3 |     19       SBB7    1.30   0.51 |  0.29  0.25  0.29
                  8,6 |     14         SG    2.02   0.00 |  0.51     -  0.59
   2            2,4;3 |     10        BB8    2.32   0.75 |  0.22     -     -
                3,5;2 |    214  Tawn2_180   20.00   0.01 |  0.01     -  0.01
                8,2;3 |     34       G270   -1.12   0.00 | -0.11     -     -
                7,1;6 |    204      Tawn2    5.97   0.01 |  0.01  0.01     -
                8,7;6 |      2          t    0.23   9.84 |  0.15  0.02  0.02
                6,3;8 |      2          t   -0.32   5.09 | -0.20  0.01  0.01
   3          5,4;2,3 |     13         SC    0.32   0.00 |  0.14  0.12     -
              8,5;3,2 |     34       G270   -1.16   0.00 | -0.14     -     -
              6,2;8,3 |    124     Tawn90  -14.62   0.00 | -0.00     -     -
              8,1;7,6 |    234  Tawn2_270   -1.67   0.06 | -0.04     -     -
              3,7;8,6 |     26        J90   -1.40   0.00 | -0.18     -     -
   4        8,4;5,2,3 |      2          t    0.17   6.19 |  0.11  0.06  0.06
            6,5;8,3,2 |     33       C270   -0.24   0.00 | -0.11     -     -
            7,2;6,8,3 |     19       SBB7    1.18   0.27 |  0.19  0.07  0.20
            3,1;8,7,6 |      2          t   -0.10   6.66 | -0.06  0.02  0.02
   5      6,4;8,5,2,3 |      2          t   -0.23   9.81 | -0.15  0.00  0.00
          7,5;6,8,3,2 |      5          F   -0.81   0.00 | -0.09     -     -
          1,2;7,6,8,3 |      2          t    0.19   4.11 |  0.12  0.12  0.12
   6    7,4;6,8,5,2,3 |     39    BB7_270   -1.12  -0.19 | -0.14     -     -
        1,5;7,6,8,3,2 |      0          I       -      - |  0.00     -     -
   7  1,4;7,6,8,5,2,3 |      0          I       -      - |  0.00     -     -
---
type: R-vine    logLik: 567.68    AIC: -1045.36    BIC: -897.16    
---
1 <-> Gold,   2 <-> US,   3 <-> ASW,   4 <-> Stocks,   5 <-> China,   6 <-> InflBonds,
7 <-> MBS,   8 <-> EM