tree             edge | family      cop    par   par2 |   tau   utd   ltd 
------------------------------------------------------------------------- 
   1              5,2 |      2        t   0.93   2.25 |  0.76  0.75  0.75
                  4,5 |      2        t   0.20   4.21 |  0.13  0.12  0.12
                  4,3 |      2        t   0.33   3.53 |  0.22  0.20  0.20
                  6,1 |      2        t   0.23   5.57 |  0.14  0.08  0.08
                  7,4 |      2        t  -0.26   6.42 | -0.17  0.01  0.01
                  7,6 |      2        t   0.75   5.67 |  0.54  0.36  0.36
                  8,7 |      2        t   0.48   4.39 |  0.32  0.22  0.22
   2            4,2;5 |      2        t  -0.24  10.02 | -0.15  0.00  0.00
                3,5;4 |      2        t  -0.09   9.56 | -0.06  0.00  0.00
                7,3;4 |      2        t   0.15   6.29 |  0.10  0.05  0.05
                7,1;6 |      2        t  -0.03  12.10 | -0.02  0.00  0.00
                8,4;7 |      2        t   0.38   5.58 |  0.25  0.13  0.13
                8,6;7 |      2        t   0.19   5.97 |  0.12  0.07  0.07
   3          3,2;4,5 |      2        t  -0.10  13.74 | -0.07  0.00  0.00
              7,5;3,4 |    134  Tawn270  -1.22   0.02 | -0.01     -     -
              8,3;7,4 |      2        t   0.13   3.71 |  0.09  0.12  0.12
              8,1;7,6 |      2        t   0.03   8.66 |  0.02  0.01  0.01
              6,4;8,7 |      2        t  -0.15   6.18 | -0.10  0.02  0.02
   4        7,2;3,4,5 |      5        F   3.00   0.00 |  0.31     -     -
            8,5;7,3,4 |      2        t  -0.23  15.86 | -0.15  0.00  0.00
            6,3;8,7,4 |      2        t  -0.19   5.98 | -0.12  0.02  0.02
            4,1;8,7,6 |      2        t   0.13   8.25 |  0.08  0.03  0.03
   5      8,2;7,3,4,5 |     39  BB7_270  -1.02  -0.08 | -0.05     -     -
          6,5;8,7,3,4 |      2        t   0.01  12.65 |  0.01  0.00  0.00
          1,3;6,8,7,4 |      2        t  -0.09  13.09 | -0.06  0.00  0.00
   6    6,2;8,7,3,4,5 |      5        F   0.66   0.00 |  0.07     -     -
        1,5;6,8,7,3,4 |      2        t   0.12   8.94 |  0.08  0.02  0.02
   7  1,2;6,8,7,3,4,5 |    104     Tawn   2.94   0.00 |  0.00  0.00     -
---
type: R-vine    logLik: 9370.56    AIC: -18633.13    BIC: -18290.24    
---
1 <-> Gold,   2 <-> US,   3 <-> ASW,   4 <-> Stocks,   5 <-> China,   6 <-> InflBonds,
7 <-> MBS,   8 <-> EM