tree             edge | family     cop    par   par2 |   tau   utd   ltd 
------------------------------------------------------------------------ 
   1              6,1 |      2       t   0.33   5.00 |  0.21  0.13  0.13
                  5,2 |      2       t   0.93   2.70 |  0.76  0.74  0.74
                  4,5 |      2       t   0.23   3.49 |  0.15  0.16  0.16
                  3,4 |      2       t   0.54   5.58 |  0.37  0.21  0.21
                  6,7 |      2       t   0.73   3.92 |  0.52  0.42  0.42
                  8,3 |      2       t   0.46   3.11 |  0.30  0.28  0.28
                  8,6 |      2       t   0.58   3.17 |  0.40  0.35  0.35
   2            8,1;6 |      2       t   0.02  10.56 |  0.02  0.01  0.01
                4,2;5 |      2       t  -0.24   8.75 | -0.15  0.00  0.00
                3,5;4 |     27  BB1_90  -0.27  -1.05 | -0.16     -     -
                8,4;3 |      9     BB7   1.13   0.11 |  0.11  0.15  0.00
                8,7;6 |      5       F   1.48   0.00 |  0.16     -     -
                6,3;8 |      2       t  -0.26   4.09 | -0.17  0.03  0.03
   3          3,1;8,6 |     24     G90  -1.10   0.00 | -0.09     -     -
              3,2;4,5 |      2       t  -0.10   9.08 | -0.06  0.01  0.01
              8,5;3,4 |      1       N  -0.25   0.00 | -0.16     -     -
              6,4;8,3 |      2       t  -0.26  24.28 | -0.17  0.00  0.00
              3,7;8,6 |      2       t  -0.05   5.51 | -0.03  0.03  0.03
   4        4,1;3,8,6 |      2       t   0.13   9.02 |  0.08  0.02  0.02
            8,2;3,4,5 |      5       F   1.16   0.00 |  0.13     -     -
            6,5;8,3,4 |      2       t   0.02   8.21 |  0.01  0.02  0.02
            7,4;6,8,3 |      2       t  -0.22  10.98 | -0.14  0.00  0.00
   5      5,1;4,3,8,6 |      4       G   1.07   0.00 |  0.07  0.09     -
          6,2;8,3,4,5 |      5       F   1.37   0.00 |  0.15     -     -
          7,5;6,8,3,4 |      2       t   0.13  18.76 |  0.09  0.00  0.00
   6    2,1;5,4,3,8,6 |      0       I      -      - |  0.00     -     -
        7,2;6,8,3,4,5 |      5       F   1.36   0.00 |  0.15     -     -
   7  7,1;2,5,4,3,8,6 |      0       I      -      - |  0.00     -     -
---
type: R-vine    logLik: 2128.47    AIC: -4166.94    BIC: -3952.2    
---
1 <-> Gold,   2 <-> US,   3 <-> ASW,   4 <-> Stocks,   5 <-> China,   6 <-> InflBonds,
7 <-> MBS,   8 <-> EM